002066
002069
002072
002075
002078
002081
002084
002087
002090
002093
002096
002099
002102
002105
002108
002111
002114
002117
002120
002123
005072
005075
005078
005081
005084
005087
005090
005093
005096
005099
005102
005105
005108
005111
005114
005117
005120
005123
005126
006129
006132
008078
008081
008084
008087
008090
008093
008096
008099
008102
008105
008108
008111
008114
008117
009120
009123
009126
009129
010132
010135
011087
011090
011093
011096
011099
011102
011105
011108
011111
011114
011138
012117
012120
012123
013126
013129
014093
014096
014099
014102
014105
014108
014111
014132
014135
015114
015117
015120
015138
016123
016126
016141
017099
017102
017105
017108
017129
017144
018111
018114
018117
018132
019120
019123
019135
020108
020126
020138
021111
021114
021129
021141
022117
022120
022132
022144
023123
023135
024126
024138
024147
025117
025129
025141
026120
026123
026132
026150
027126
027135
027144
028129
028138
029147
030132
030141
031126
031135
031150
032129
032144
033138
034132
034147
035135
035141
035153
037138
037144
037150
038156
039135
039141
040147
041138
041153
042144
043150
044141
045147
045156
047144
047153
049150
050147
051159
052156
054150
054153
056147
059156
059159
060150
060153
066153
066156
067159
068162
073153
073156
074159
077162
080156
082159
086162
087156
090159
093156
095162
098159
100156
104162
107156
111153
113162
114156
117153
121156
121159
122162
123150
123153
128156
129150
129153
129159
130147
134150
135147
135156
136144
136153
140147
140150
141141
141144
142153
142156
145138
145141
145144
146147
146150
148153
150138
150141
150144
151135
151147
151150
152132
153129
154138
155135
155141
155144
156132
156147
157129
158126
158138
159135
159141
160132
160144
161123
161129
162117
162126
163120
163135
163138
164114
164123
164132
165117
165126
165129
166120
167108
167111
167114
168117
168123
168132
168135
169102
169126
169129
170111
170114
170120
171099
171105
171108
171123
172102
172117
172129
173096
173120
173126
174099
174105
174108
174111
174114
175102
175117
175123
176090
176093
176096
177099
177105
177108
177111
177114
177120
178102
178117
179084
179087
179090
179093
179096
180081
180099
180105
180108
180111
180114
182078
182084
182087
182090
182093
182096
182102
183072
183075
183081
183099
183105
183108
183111
185078
185084
185087
185090
185093
185096
185102
186066
186069
186072
186075
186081
186099
186105
188063
188078
188084
188087
188090
188093
188096
188102
189072
189075
189081
189099
190060
190066
190069
191078
191084
191087
191090
191093
192057
192063
192075
192081
193066
193069
193072
194060
194078
194084
194087
195051
195054
195063
195075
195081
196057
196066
196069
196072
197060
197078
198054
198063
198075
199051
199057
199066
199069
199072
200048
201045
201060
202054
202063
202069
203051
203057
203066
204048
204060
205039
205045
205054
205063
206042
206057
207051
207060
208048
209045
209054
210036
210039
210042
210051
212048
213045
214033
215036
215039
215042
216048
217045
219036
219039
219042
220030
220033
224036
224039
225033
226030
229036
230033
231027
231030
236033
237027
237030
239024
243027
243030
246024
249027
253024
256027
260024
267024
273024
280024
281027
287024
287027
294024
294027
294030
299033
300027
300030
301024
303036
304033
306027
306030
308024
308036
310033
311030
312039
313027
314042
315033
317030
317045
318036
318048
319027
320033
320051
321039
322054
323030
323036
323057
324060
325039
325063
326033
326066
327042
327069
327072
328036
329030
329045
330039
330048
330069
330072
331033
331060
331075
331078
331081
332042
332051
332063
332066
332084
332087
332090
333036
333045
333054
333069
333072
334048
334057
334060
334075
334078
334081
334099
334102
334105
335039
335051
335063
335084
335087
335090
335093
335096
336042
336054
337045
337057
337105
338036
338048
339039
339051
340042
340054
341045
341057
341060
342048
342063
343051
344054
344057
345042
345060
345063
345066
346045
346048
346069
346072
347051
347054
348057
348060
348063
349066
349069
349072
349075
349078
349081
350048
351051
351054
351057
351060
352063
352066
352069
352072
352075
352078
352081
353084
353087
355054
355057
355060
355063
355066
355069
355072
355075
355078
355081
356084
356087
356090
356093
358060
358063
358066
358069
358072
358075
358078
358081
358099
358102
359084
359087
359090
359093
359096
